 0 [    0,    0,    0,    0]    0,  0, dummy
 1 [   40,  100,   50,   60] 1.67, 10, woodcutter
 2 [   80,   40,   80,   50] 1.67, 10, clay pit
 3 [  100,   80,   30,   60] 1.67, 10, iron
 4 [   70,   90,   70,   20] 1.67, 10, grain
 5 [  520,  380,  290,   90]  1.8,  5, sawmill
 6 [  440,  480,  320,   50]  1.8,  5, brickyard
 7 [  200,  450,  510,  120]  1.8,  5, iron foundry
 8 [  500,  440,  380, 1240]  1.8,  5, grain mill
 9 [ 1200, 1480,  870, 1600]  1.8,  5, bakery
10 [  130,  160,   90,   40] 1.28, 20, warehouse
11 [   80,  100,   70,   20] 1.28, 20, granary

13 [  180,  250,  500,  160] 1.28, 20, smithy
14 [ 1750, 2250, 1530,  240] 1.28, 20, tournament square
15 [   70,   40,   60,   20] 1.28, 20, main building
16 [  110,  160,   90,   70] 1.28, 20, rally point
17 [   80,   70,  120,   70] 1.28, 20, marketplace
18 [  180,  130,  150,   80] 1.28, 20, embassy
19 [  210,  140,  260,  120] 1.28, 20, barracks
20 [  260,  140,  220,  100] 1.28, 20, stable
21 [  460,  510,  600,  320] 1.28, 20, workshop
22 [  220,  160,   90,   40] 1.28, 20, academy
23 [   40,   50,   30,   10] 1.28, 10, cranny
24 [ 1250, 1110, 1260,  600] 1.28, 20, town hall
25 [  580,  460,  350,  180] 1.28, 20, residence
26 [  550,  800,  750,  250] 1.28, 20, palace
27 [ 2880, 2740, 2580,  990] 1.28, 20, treasury
28 [ 1400, 1330, 1200,  400] 1.28, 20, trade office
29 [  630,  420,  780,  360] 1.28, 20, great barracks
30 [  780,  420,  660,  300] 1.28, 20, great stable
31 [   70,   90,  170,   70] 1.28, 20, city wall
32 [  120,  200,    0,   80] 1.28, 20, earth wall
33 [  160,  100,   80,   60] 1.28, 20, palisade
34 [  155,  130,  125,   70] 1.28, 20, stonemasons lodge
35 [ 1200, 1400, 1050, 2200] 1.28, 10, brewery
36 [  100,  100,  100,  100] 1.28, 20, trapper
37 [  700,  670,  700,  240] 1.33, 20, hero mansion
38 [  650,  800,  450,  200] 1.28, 20, great warehouse
39 [   80,  100,   70,   20] 1.33, 20, great granary
40 [ 66700, 69050, 72200, 13200] 1.0275, 100, wonder
41 [  780,  420,  660,  540] 1.33, 20, horse drinking trough

12 [  170,  200,  380,  130] 1.28, 20, blacksmith
13 [  130,  210,  410,  130] 1.28, 20, armory

12 [  340,  400,  760,  260] 1.28, 20, blacksmith
13 [  260,  420,  820,  260] 1.28, 20, armory
